0.0 0.0 0.0 -1.57079 0.0 1.57079 -0.7853 0.04 0.04
2.347922407913711e-07 1.935807301500986e-05 2.857147834509218e-07 -1.5708257661934861 -2.5088784965831163e-06 1.5707850540378647 -0.7853000312445557 0.039999585035557575 0.04000041496444407
-9.230914072460638e-05 -0.00015924129387068944 -9.834413982696354e-05 -1.5712619376124766 3.171675314036261e-05 1.570910021167086 -0.7853975136364801 0.03999502926287859 0.040004970772621655
-0.00030136831264896015 -0.0005352570685085208 -0.000247585685952109 -1.5720971776415165 7.12878755370478e-05 1.5711641304113042 -0.7855917484745308 0.03998993977179358 0.04001006055496325
-0.0005730051122838066 -0.0010805646322893507 -0.0004644294026567719 -1.573310530025145 0.00010620444913917026 1.571546814666285 -0.7858817756788767 0.039986316138508705 0.04001368512892833
-0.0008893651088501194 -0.0017140137110849445 -0.0007372480926854699 -1.5747861398841614 0.0001337460496361729 1.5720443631440932 -0.7862667398557742 0.03998653222643374 0.04001347107540674
-0.001239775904584265 -0.0023587961745378406 -0.0010538961491337005 -1.576362239860638 0.00015203516148280534 1.572631635768434 -0.7867458785273556 0.03999082059964919 0.04000918610925829
-0.0016168994220532 -0.0029924105683228107 -0.00140515648250762 -1.5779818957227425 0.00016315899925332182 1.573298878100252 -0.7873185299140653 0.03999559179598927 0.04000235346981388
-0.0020151989045409054 -0.003610037654150355 -0.0017839388349865275 -1.5796240050843289 0.00016892048507689405 1.574041727963973 -0.7879841040076493 0.03999819370357668 0.03999353209862297
-0.0024303800953505215 -0.004212294481109126 -0.0021847210640182553 -1.581279929060416 0.0001705344158175768 1.5748578179934543 -0.7887420634773483 0.04000019952094059 0.03998593303431965
-0.0028590778982063463 -0.0048012066331277635 -0.002603170096398303 -1.582943399250906 0.00016866963187266707 1.5757167473922304 -0.7895919216144931 0.04000019493693586 0.03998091784793112
-0.0032986507924461493 -0.005379311406916902 -0.0030358827943931426 -1.5846109323488504 0.00016391149038409312 1.5765870884000521 -0.790529579462244 0.039997988009466474 0.03997863017216124
-0.0037469050948143717 -0.005948972098163257 -0.0034800316076913393 -1.5862820376166458 0.00015696691352914578 1.5774608824603484 -0.7914879612864447 0.03999492722579846 0.03997767728873185
-0.004202221544903281 -0.0065118842970722296 -0.003933524227207152 -1.587956376442221 0.00014814784619296108 1.5783360722127255 -0.7924530307105373 0.03999180671416481 0.039977224382414904
-0.004663352325754122 -0.007069261150808952 -0.004394746052054171 -1.5896335126051837 0.0001376672029382483 1.5792121599629585 -0.7934218775855292 0.039988955167379776 0.0399769053427979
-0.005129324831236069 -0.007622005713723861 -0.00486243717136934 -1.5913129908776553 0.00012569034570063378 1.5800890696473235 -0.7943939237832914 0.03998646806691305 0.0399765902885919
-0.005599379189454634 -0.008170813470560841 -0.0053356121315667185 -1.5929943955924986 0.00011234786266900099 1.580966836938253 -0.7953690778664304 0.03998434441495619 0.03997624859526138
-0.006072921856237206 -0.008716231181907069 -0.0058135002288247795 -1.5946773709538464 9.774246035927282e-05 1.5818455220847005 -0.7963473481160196 0.03998254984436067 0.039975885563152944
-0.006549489701341585 -0.0092586931719299 -0.00629549925620016 -1.5963616216282874 8.195446623410286e-05 1.5827251853456634 -0.7973287617039994 0.03998104246884172 0.03997551636339619
-0.00702872191594009 -0.009798545944422012 -0.006781139295585879 -1.5980469060212947 6.5046401342444e-05 1.583605880712304 -0.7983133481166457 0.039979782366937534 0.03997515636655378
-0.007510337983539461 -0.01033606621314601 -0.0072700543039720174 -1.599733027865432 4.706670228002863e-05 1.5844876550608107 -0.7993011360202199 0.03997873443035426 0.03997481812191641
-0.007994120397879998 -0.010871474756977459 -0.007761959806467006 -1.6014198282452696 2.8052699760659955e-05 1.5853705488431256 -0.8002921528941176 0.03997786871330613 0.039974510849540984
-0.008479901104882214 -0.011404947345042733 -0.008256635383693645 -1.6031071786972269 8.032980189890195e-06 1.5862545971086728 -0.8012864251936581 0.0399771599451817 0.03997424078155926
-0.008967550866930988 -0.011936623461860245 -0.008753910924181303 -1.6047949754588267 -1.2970750611061875e-05 1.5871398304902224 -0.8022839785797583 0.03997658684081702 0.039974011717452615
-0.009456970920216879 -0.012466613316953357 -0.009253655833143736 -1.6064831347545114 -3.4942199858779786e-05 1.5880262760567874 -0.8032848381258727 0.03997613143261403 0.03997382556812683
-0.009948086431190281 -0.012995003490976603 -0.009755770562452233 -1.60817158896039 -5.7869333446699015e-05 1.5889139580226892 -0.8042890284901754 0.03997577849122828 0.03997368282121649
-0.010440841364486236 -0.013521861488333299 -0.010260179962942914 -1.60986028349525 -8.174346838705143e-05 1.5898028983275223 -0.8052965740561873 0.039975515044121286 0.039973582917548225
-0.010935194458146948 -0.014047239409228463 -0.010766828067330208 -1.6115491743048174 -0.00010655855945611936 1.5906931171072345 -0.806307499047235 0.039975329982418456 0.03997352454760986
-0.011431116067487422 -0.01457117691140915 -0.011275673996157231 -1.6132382258280327 -0.00013231063854795834 1.5915846330756296 -0.8073218276196944 0.03997521374198432 0.03997350588145836
-0.011928585690366193 -0.015093703598561256 -0.011786688745308643 -1.6149274093539674 -0.00015899737406974607 1.5924774638329657 -0.8083395839391508 0.03997515804506685 0.03997352474511191
-0.012427590026968326 -0.015614840945854616 -0.01229985266551225 -1.6166167016949022 -0.00018661772468661275 1.5933716261155022 -0.8093607922428305 0.03997515569075576 0.039973578754625406
-0.012928121458863226 -0.016134603851865183 -0.012815153485006904 -1.618306084115095 -0.00021517166721833492 1.5942671359973248 -0.8103854768910136 0.03997520038458654 0.039973665417005456
-0.013430176856936085 -0.01665300188895553 -0.013332584758549303 -1.6199955414662288 -0.00024465998281291047 1.595164009053653 -0.8114136624096094 0.039975286599495764 0.03997378220528753
-0.013933756647277291 -0.017170040310341857 -0.013852144651051727 -1.6216850614898588 -0.00027508408892056935 1.5960622604930759 -0.8124453735256508 0.039975409461898585 0.03997392661356929
-0.014438864079401263 -0.01768572086087723 -0.01437383498386328 -1.6233746342547482 -0.00030644590726303995 1.5969619052647395 -0.8134806351971191 0.03997556465792803 0.03997409619655954
-0.014945504653159277 -0.01820004242952729 -0.014897660487189013 -1.6250642517031266 -0.0003387477600922236 1.597862958145346 -0.8145194726382403 0.03997574835589084 0.03997428859721846
-0.015453685670119555 -0.01871300157419604 -0.015423628214294938 -1.6267539072848762 -0.0003719922886822554 1.5987654338098949 -0.8155619113411658 0.03997595714180127 0.039974501565287396
-0.015963415882568843 -0.01922459294364455 -0.01595174708268776 -1.6284435956626775 -0.00040618238929544104 1.5996693468893288 -0.816607977094778 0.039976187965494014 0.03997473296889304
-0.016474705219079858 -0.019734809616466294 -0.01648202751494771 -1.6301333124744035 -0.0004413211628814552 1.6005747120176483 -0.8176576960012126 0.039976438095324356 0.03997498080092889
-0.016987564570131165 -0.020243643373222684 -0.017014481157771818 -1.631823054141693 -0.0004774118755699226 1.601481543870552 -0.8187110944905813 0.03997670507986511 0.03997524318153803
-0.017502005620828872 -0.020751084914724948 -0.017549120662399907 -1.6335128177157558 -0.0005144579276457858 1.6023898571972703 -0.8197681993342762 0.03997698671532825 0.03997551835772395
-0.018018040720574426 -0.021257124036931904 -0.018085959513217714 -1.6352026007531975 -0.0005524628291914246 1.6032996668469335 -0.8208290376571735 0.039977281017691414 0.039975804700883175
-0.018535682781714954 -0.02176174977090215 -0.01862501189417488 -1.6368924012160342 -0.0005914301809681875 1.6042109877905573 -0.821893636948985 0.039977586198709975 0.039976100702870776
-0.019054945200932042 -0.022264950494600217 -0.019166292584886998 -1.638582217391201 -0.0006313636594154651 1.6051238351395183 -0.8229620250749636 0.03997790064515438 0.03997640497106728
-0.01957584179847343 -0.022766714022034333 -0.019709816880042405 -1.6402720478257609 -0.0006722670048855405 1.6060382241612243 -0.8240342302861282 0.039978222900739324 0.03997671622280383
-0.02009838677138988 -0.023267027674137318 -0.020255600527108994 -1.6419618912747587 -0.0007141440124211511 1.6069541702925465 -0.8251102812291412 0.03997855165031211 0.03997703327941552
-0.02062259465776893 -0.02376587833494249 -0.020803659678415104 -1.6436517466592564 -0.0007569985245309987 1.607871689151472 -0.8261902069559498 0.03997888570594812 0.03997735506012521
-0.02114848030960788 -0.024263252495913688 -0.021354010854525127 -1.6453416130325615 -0.0008008344255350309 1.6087907965473454 -0.8272740369332787 0.03997922399466569 0.039977680575907566
-0.021676058872478365 -0.024759136290730108 -0.021906670916494838 -1.6470314895530511 -0.0008456556371429192 1.6097115084899984 -0.8283618010520494 0.039979565547524326 0.0399780089234424
-0.022205345770535137 -0.02525351552237681 -0.02246165704511279 -1.6487213754623002 -0.0008914661150011782 1.6106338411980081 -0.829453529636784 0.03997990948991146 0.03997833927923503
-0.022736356695735142 -0.025746375684029398 -0.02301898672564316 -1.6504112700674773 -0.0009382698460009691 1.6115578111062767 -0.8305492534550466 0.039980255032856495 0.03997867089395735
-0.02326910760037913 -0.02623770197492951 -0.0235786777369064 -1.6521011727271704 -0.0009860708461831005 1.612483434873092 -0.831649003726961 0.03998060146523761 0.03997900308704486
-0.023803614692280792 -0.02672747931221284 -0.024140748143785994 -1.6537910828399711 -0.0010348731591117188 1.6134107293867952 -0.8327528121348425 0.03998094814676872 0.03997933524157099
-0.02433989443201968 -0.027215692339462198 -0.02470521629244702 -1.6554809998352753 -0.0010846808546156373 1.614339711772157 -0.8338607108329713 0.03998129450167167 0.039979666799409536
-0.024877963531852693 -0.027702325432605916 -0.025272100807707438 -1.6571709231658638 -0.0011354980278178643 1.61527039939655 -0.8349727324575359 0.039981640012953235 0.0399799972566883
-0.02541783895595192 -0.028187362703659354 -0.02584142059212456 -1.658860852301912 -0.001187328798390842 1.6162028098759815 -0.8360889101367667 0.0399819842172183 0.0399803261595312
-0.025959537921709464 -0.02867078800270867 -0.02641319482645457 -1.6605507867261486 -0.001240177309988263 1.6171369610810442 -0.8372092775012805 0.03998232669996043 0.039980653100082086
-0.026503077901907052 -0.029152584918456764 -0.026987442971217874 -1.662240725929934 -0.0012940477298147852 1.618072871142831 -0.838333868694655 0.039982667091279074 0.039980977712800604
-0.027048476627593056 -0.029632736777587404 -0.027564184769161826 -1.6639306694100777 -0.0013489442483032201 1.6190105584588503 -0.8394627183842472 0.03998300506197934 0.03998129967101853
-0.027595752091544665 -0.030111226643152276 -0.02814344024845837 -1.6656206166662462 -0.0014048710788752226 1.6199500416989754 -0.8405958617722733 0.039983340320015964 0.039981618683743746
-0.028144922552220588 -0.030588037312144434 -0.02872522972651045 -1.6673105671988464 -0.001461832457766591 1.6208913398114495 -0.8417333346071625 0.03998367260724776 0.03998193449269849
-0.028696006538131254 -0.03106315131238833 -0.02930957381426935 -1.6690005205072873 -0.0015198326439022822 1.6218344720289746 -0.8428751731952003 0.03998400169647288 0.039982246869578054
-0.029249022852570514 -0.031536550898849956 -0.02989649342098746 -1.6706904760885442 -0.0015788759188093665 1.6227794578748982 -0.8440214144124729 0.039984327388718634 0.0399825556135164
-0.02980399057866614 -0.032008218049449054 -0.030486009759348526 -1.672380433435965 -0.001638966586558614 1.623726317169517 -0.8451720957171268 0.03998464951076238 0.03998286054874514
-0.030360929084717016 -0.03247813446043815 -0.03107814435093113 -1.6740703920382696 -0.001700108973727325 1.6246750700365107 -0.8463272551619564 0.03998496791286276 0.039983161522433044
-0.030919858029793097 -0.032946281541399045 -0.03167291903197208 -1.6757603513787003 -0.0017623074293775275 1.6256257369095177 -0.8474869314073322 0.03998528246668249 0.03998345840269347
-0.03148079736958075 -0.03341264040989632 -0.03227035595940491 -1.6774503109342953 -0.001825566325044852 1.6265783385388684 -0.848651163734484 0.03998559306338591 0.03998375107674791
-0.03204376736246138 -0.033877191885818225 -0.03287047761715539 -1.6791402701752567 -0.0018898900547343147 1.6275328959984805 -0.8498199920591504 0.039985899611896254 0.03998403944923436
-0.03260878857581507 -0.034339916485428085 -0.03347330682268134 -1.6808302285643935 -0.001955283034919964 1.6284894306929327 -0.8509934569456103 0.039986202037298774 0.03998432344064984
-0.033175881892544556 -0.03480079441514329 -0.03407886673374827 -1.6825201855566227 -0.002021749704545907 1.629447964364721 -0.8521715996211097 0.03998650027937745 0.03998460298591718
-0.03374506851781724 -0.03525980556505427 -0.03468718085543569 -1.6842101405985164 -0.0020892945250266712 1.6304085191017108 -0.8533544619906966 0.03998679429127401 0.03998487803306665
-0.03431636998602508 -0.0357169295021918 -0.03529827304737175 -1.6859000931278811 -0.002157921980245195 1.631371117344791 -0.8545420866524829 0.03998708403825895 0.03998514854202371
-0.03488980816796408 -0.03617214546354786 -0.03591216753119589 -1.6875900425733645 -0.0022276365765469992 1.6323357818957405 -0.8557345169133431 0.03998736949660533 0.03998541448349479
-0.035465405278236266 -0.03662543234885257 -0.03652888889825113 -1.6892799883540792 -0.0022984428427292925 1.6333025359253168 -0.8569317968050714 0.039987650652556765 0.0399856758379435
-0.036043183882878395 -0.03707676871310761 -0.037148462117508996 -1.6909699298792396 -0.0023703453300239086 1.6342714029815721 -0.8581339711010089 0.03998792750138189 0.039985932594650206
-0.03662316690722267 -0.03752613275887464 -0.03777091254373125 -1.692659866547806 -0.0024433486120730924 1.6352424069984108 -0.8593410853331619 0.039988200046508146 0.039986184750848586
-0.037205377643995376 -0.037973502328315784 -0.038396265925873745 -1.694349797748134 -0.0025174572848972294 1.636215572304394 -0.8605531858098268 0.039988468298728506 0.03998643231093294
-0.03778983976166038 -0.03841885489498181 -0.03902454841573856 -1.6960397228576234 -0.002592675966853659 1.6371909236318032 -0.8617703196337405 0.03998873227547502 0.03998667528573085
-0.038376577313014956 -0.03886216755534271 -0.03965578657688126 -1.6977296412423653 -0.0026690092985857715 1.63816848612597 -0.862992534720777 0.039988992000153885 0.03998691369183585
-0.03896561474404606 -0.039303417020054084 -0.040290007393781045 -1.6994195522567863 -0.002746461942961575 1.6391482853548862 -0.8642198798192083 0.039989247501537 0.03998714755099553
-0.039556976903055846 -0.03974257960495224 -0.04092723828128187 -1.7011094552432857 -0.0028250385850009715 1.6401303473191007 -0.865452404529553 0.039989498813205356 0.03998737688955042
-0.04015068905006562 -0.04017963122176976 -0.04156750709431365 -1.7027993495318652 -0.002904743931790931 1.641114698461916 -0.8666901593250321 0.03998974597304014 0.039987601737919806
-0.04074677686650823 -0.0406145473685627 -0.042210842137902764 -1.70448923443975 -0.0029855827123877704 1.6421013656798973 -0.8679331955726571 0.03998998902275768 0.039987822130130565
-0.04134526646521917 -0.041047303119839944 -0.04285727217748206 -1.706179109270999 -0.003067559677705721 1.6430903763337021 -0.8691815655549728 0.03999022800748461 0.039988038103385616
-0.041946184400737406 -0.04147787311638441 -0.04350682644951079 -1.7078689733161037 -0.0031506796003909297 1.644081758259247 -0.8704353224924802 0.039990462975370136 0.03998824969766879
-0.042549557679927484 -0.04190623155475523 -0.04415953467241568 -1.7095588258515748 -0.0032349472746800202 1.645075539779221 -0.8716945205667663 0.039990693977232275 0.03998845695538314
-0.04315541377293491 -0.042332352176459455 -0.04481542705786479 -1.711248666139515 -0.003320367516242296 1.6460717497149604 -0.8729592149443669 0.03999092106623543 0.03998865992101999
-0.04376378062448757 -0.04275620825678093 -0.04547453432238639 -1.712938493427177 -0.0034069451620046274 1.6470704173987005 -0.874229461801392 0.039991144297596704 0.03998885864085622
-0.044374686665556454 -0.04317777259325366 -0.04613688769934579 -1.7146283069465067 -0.0034946850699580185 1.6480715726862156 -0.8755053183489429 0.03999136372831868 0.03998905316267743
-0.044988160825389624 -0.043597017493766044 -0.04680251895129345 -1.7163181059136692 -0.003583592118944803 1.649075245969866 -0.8767868428593523 0.0399915794169465 0.03998924353552497
-0.045604232543933955 -0.04401391476428183 -0.04747146038269856 -1.7180078895285578 -0.003673671208425347 1.6500814681920652 -0.878074094693281 0.039991791423347335 0.03998942980946472
-0.046222931784660075 -0.04442843569616279 -0.048143744853082863 -1.7196976569742848 -0.0037649272582231065 1.6510902708591864 -0.8793671343277042 0.03999199980851042 0.039989612035375904
-0.04684428904780636 -0.044840551053077514 -0.048819405790570064 -1.7213874074166533 -0.003857365208246782 1.6521016860559241 -0.8806660233848234 0.03999220463436596 0.03998979026475831
-0.047468335384058945 -0.04525023105747987 -0.049498477205867086 -1.723077140003608 -0.0039509900181882935 1.653115746460131 -0.8819708246619423 0.03999240596362148 0.039989964549556244
-0.04809510240868517 -0.04565744537663985 -0.050180993706694106 -1.7247668538646652 -0.004045806667195177 1.6541324853581465 -0.8832816021623461 0.03999260385961418 0.03999013494199793
-0.04872462231613907 -0.04606216310820872 -0.05086699051268104 -1.7264565481103205 -0.004141820153515957 1.6551519366606415 -0.8845984211272232 0.039992798386177975 0.039990301494448995
-0.04935692789515812 -0.046464352765299526 -0.05155650347074915 -1.7281462218314332 -0.004239035494116961 1.6561741349189958 -0.8859213480686763 0.03999298960752412 0.039990464259278866
-0.049992052544371605 -0.046863982261062906 -0.05224956907099716 -1.7298358740985862 -0.004337457724268943 1.6571991153422339 -0.8872504508038646 0.03999317758813432 0.039990623288738904
-0.050630030288441846 -0.047261018892737476 -0.05294622446311232 -1.731525503961419 -0.004437091897101784 1.658226913814541 -0.8885857984903277 0.03999336239266527 0.039990778634851336
-0.05127089579476066 -0.04765542932515267 -0.053646507473327776 -1.7332151104479359 -0.004537943083125469 1.6592575669133838 -0.8899274616625393 0.03999354408586387 0.03999093034930801
-0.05191468439072447 -0.04804717957366105 -0.054350456621948755 -1.734904692563783 -0.004640016369715381 1.6602911119282626 -0.8912755122697441 0.03999372273249206 0.03999107848337803
-0.05256143208161272 -0.04843623498647594 -0.05505811114147097 -1.7365942492914983 -0.004743316860559883 1.6613275868801196 -0.8926300237151328 0.039993898397260794 0.03999122308782365
-0.05321117556909542 -0.04882256022638877 -0.05576951099531599 -1.7382837795897281 -0.004847849675068013 1.662367030541435 -0.8939910708964136 0.039994071144772166 0.03999136421282344
-0.05386395227039709 -0.04920611925183959 -0.056484696897209585 -1.739973282392412 -0.004953619947734988 1.663409482457038 -0.8953587302478413 0.0399942410394693 0.03999150190790224
-0.054519800338145616 -0.04958687529731251 -0.05720371033123005 -1.7416627566079328 -0.005060632827463076 1.6644549829656647 -0.8967330797837667 0.039994408145593276 0.03999163622186716
-0.055178758680936094 -0.049964790853026526 -0.05792659357255529 -1.7433522011182307 -0.005168893476835254 1.6655035732222974 -0.8981141991437763 0.039994572527146555 0.03999176720274912
-0.055840866984641364 -0.050339827643890674 -0.05865338970893865 -1.745041614777879 -0.005278407071338891 1.6665552952213176 -0.8995021696394916 0.03999473424786256 0.03999189489774925
-0.05650616573450244 -0.05071194660769073 -0.05938414266294496 -1.7467309964131186 -0.005389178798536547 1.667610191820512 -0.900897074303103 0.03999489337118081 0.03999201935318979
-0.05717469623803391 -0.05108110787247298 -0.060118897214980205 -1.7484203448208535 -0.005501213857180785 1.6686683067659671 -0.902298997937718 0.039995049960227305 0.03999214061446895
-0.05784650064878128 -0.051447270733088774 -0.060857699027149624 -1.7501096587675988 -0.005614517456269702 1.669729684717896 -0.9037080271696064 0.03999520407779974 0.03999225872601931
-0.058521621990969164 -0.05181039362686155 -0.06160059466798101 -1.7517989369883833 -0.005729094814039676 1.6707943712774374 -0.9051242505024302 0.039995355786357295 0.0399923737312693
-0.059200104185081294 -0.05217043410833608 -0.06234763163805203 -1.7534881781856029 -0.005844951156891607 1.6718624130144744 -0.9065477583735497 0.03999550514801467 0.039992485672607485
-0.05988199207441568 -0.05252734882306727 -0.06309885839656225 -1.7551773810278224 -0.005962091718246694 1.672933857496519 -0.907978643212506 0.039995652224540046 0.03999259459134922
-0.060567331452660536 -0.05288109348040374 -0.06385432438889295 -1.7568665441485225 -0.006080521737327531 1.6740087533187133 -0.9094169995017793 0.03999579707735682 0.03999270052770535
-0.06125616909253922 -0.053231622825218705 -0.0646140800751999 -1.7585556661447894 -0.006200246457860034 1.6750871501350015 -0.9108629238399355 0.03999593976754889 0.03999280352075267
-0.061948552775575 -0.053578890608538196 -0.06537817696008709 -1.7602447455759433 -0.006321271126691427 1.6761690986905255 -0.912316515007273 0.03999608035586925 0.03999290360840583
-0.0626445313230295 -0.05392284955701368 -0.06614666762341158 -1.7619337809621034 -0.006443600992319187 1.6772546508553083 -0.9137778740340934 0.039996218902751804 0.03999300082739041
-0.06334415462807166 -0.05426345134118325 -0.06691960575227301 -1.7636227707826848 -0.0065672413033255285 1.6783438596592835 -0.9152471042717238 0.03999635546832625 0.039993095213216874
-0.06404747368923726 -0.0546006465424623 -0.06769704617424371 -1.7653117134748242 -0.006692197306711637 1.6794367793287401 -0.9167243114664267 0.03999649011243583 0.03999318680015523
-0.06475454064524265 -0.054934384618801055 -0.06847904489189897 -1.7670006074317304 -0.006818474246125483 1.6805334653242519 -0.9182096038363419 0.03999662289465799 0.03999327562121001
-0.06546540881122004 -0.055264613868942936 -0.06926565911871023 -1.7686894510009545 -0.006946077359976619 1.6816339743801654 -0.9197030921516127 0.03999675387432781 0.03999336170809548
-0.06618013271644561 -0.05559128139521355 -0.07005694731636758 -1.7703782424825758 -0.00707501187943093 1.6827383645457261 -0.9212048898178591 0.03999688311056407 0.039993445091210764
-0.06689876814363599 -0.05591433306476604 -0.07085296923360186 -1.7720669801272988 -0.007205283026277821 1.683846695227926 -0.9227151129631677 0.03999701066229807 0.039993525799614654
-0.0676213721698932 -0.05623371346920421 -0.07165378594658076 -1.773755662134455 -0.007336896010661807 1.684959027236162 -0.9242338805287819 0.03999713658830505 0.039993603860999975
-0.06834800320938302 -0.05654936588249965 -0.07245945990095762 -1.7754442866499047 -0.007469856028669916 1.6860754228287977 -0.925761314363685 0.039997260947238274 0.03999367930166716
-0.06907872105783693 -0.056861232217114574 -0.07327005495565654 -1.777132851763833 -0.007604168259765697 1.6871959457617305 -0.927297539323281 0.03999738379766577 0.03999375214649692
-0.06981358693897334 -0.057169252978236024 -0.07408563642848232 -1.7788213555084325 -0.007739837864060037 1.6883206613390682 -0.928842683372391 0.03999750519810978 0.03999382241892175
-0.07055266355293982 -0.05747336721602155 -0.07490627114364896 -1.7805097958554676 -0.007876869979408195 1.6894496364660303 -0.9303968776927979 0.03999762520708895 0.03999389014089604
-0.07129554783678815 -0.057772640823565063 -0.07573172422479572 -1.7821960728405997 -0.008015206408514317 1.6905807234837835 -0.9319575209076024 0.039997695958701764 0.039994003257326154
-0.07204123225476396 -0.058065315372355625 -0.07656121946973624 -1.783875929725715 -0.008154667559558331 1.6917098366319565 -0.9335194886853333 0.03999767675551455 0.0399942025472398
-0.07278909584568057 -0.05835091662604396 -0.07739398896358077 -1.7855478809053764 -0.008295081131362311 1.6928363146475558 -0.935081711609732 0.03999765349087205 0.039994402203822034
-0.07353867360355704 -0.05862937135172649 -0.07822940685879609 -1.7872113333163373 -0.008436332375620758 1.6939601329740699 -0.9366439700372323 0.03999765575262156 0.03999457272207686
-0.07428960452694124 -0.05890072803498662 -0.0790669776490279 -1.7888660136338967 -0.008578341713533092 1.6950813490131413 -0.9382062217134198 0.03999768338234593 0.039994714339090985
-0.07504160708504351 -0.05916506481545204 -0.07990631107728374 -1.7905117773183512 -0.008721048950544834 1.6962000107818649 -0.9397684608239604 0.039997729048672576 0.03999483446139286
-0.07579446184156591 -0.059422459328235484 -0.08074709998134778 -1.7921485388505596 -0.008864405550110683 1.697316151104896 -0.9413306885588026 0.03999778606906679 0.039994939843779165
-0.07654799798393318 -0.059672979893427965 -0.0815891024297543 -1.7937762437097196 -0.009008370810285892 1.698429792763411 -0.9428929070619924 0.03999784981842581 0.03999503518117091
-0.07730208275666335 -0.0599166841006446 -0.08243212759309275 -1.7953948558763027 -0.009152909712674306 1.6995409525561604 -0.9444551182687537 0.03999791735472307 0.03999512348329487
-0.07805661317455012 -0.06015361979778675 -0.0832760246371226 -1.7970043515572418 -0.009297991530986264 1.700649643598159 -0.9460173237482019 0.039997986837358876 0.039995206656577374
-0.07881150953116088 -0.06038382668283921 -0.0841206740132122 -1.7986047156183107 -0.009443588840569703 1.7017558765612515 -0.9475795247395884 0.03999805710007025 0.039995285931423916
-0.07956671031756543 -0.06060733787196829 -0.08496598063676222 -1.800195939316555 -0.009589676776738365 1.7028596603739996 -0.9491417222146595 0.039998127387674304 0.0399953621256253
-0.08032216824667679 -0.06082418125395282 -0.08581186854758172 -1.8017780187328738 -0.009736232466220567 1.7039610026502172 -0.9507039169338088 0.03999819720207335 0.03999543579847166
-0.08107784714344211 -0.06103438059994157 -0.0866582767316333 -1.8033509536278873 -0.0098832345868191 1.7050599099743335 -0.9522661094916429 0.039998266211861325 0.03999550734124129
-0.08183371951271907 -0.061237956450893465 -0.08750515585216541 -1.8049147465797502 -0.010030663024859226 1.7061563881043214 -0.953828300353004 0.039998334197448894 0.03999557703215216
-0.08258976463739405 -0.06143492681879751 -0.08835246569261014 -1.8064694023230572 -0.010178498608205374 1.7072504421223713 -0.9553904898812389 0.03999840101618265 0.039995645071304466
-0.0833459670913 -0.06162530773736949 -0.08920017315643221 -1.8080149272373733 -0.01032672289801379 1.7083420765496597 -0.956952678360332 0.03999846657916243 0.03999571160391354
-0.08410231557658703 -0.061809113693145734 -0.09004825070272135 -1.8095513289497915 -0.010475318026254685 1.7094312954350126 -0.9585148660122215 0.03999853083528143 0.03999577673631088
-0.08485880201485586 -0.06198635796236253 -0.09089667512266289 -1.811078616025514 -0.010624266568940771 1.7105181024239324 -0.9600770530103404 0.03999859375997592 0.03999584054722859
-0.08561542083675304 -0.06215705287395902 -0.091745426582653 -1.812596797726832 -0.010773551447225934 1.7116025008125646 -0.9616392394902066 0.03999865534718728 0.03999590309586613
-0.08637216842676947 -0.062321210014797325 -0.09259448787597738 -1.8141058838254265 -0.010923155850262574 1.7126844935899945 -0.9632014255577013 0.03999871560358602 0.03999596442769093
-0.08712904268940705 -0.062478840389755284 -0.09344384383761371 -1.815605884456295 -0.011073063175047955 1.7137640834714523 -0.9647636112955419 0.03999877454442041 0.03999602457861138
-0.08788604271024995 -0.06262995454660969 -0.09429348088661121 -1.8170968100041942 -0.011223256979536004 1.7148412729244153 -0.9663257967683417 0.039998832190544106 0.039996083577968314
-0.08864316849124397 -0.06277456267346727 -0.09514338666824133 -1.8185786710154797 -0.011373720946107361 1.715916064189155 -0.9678879820265656 0.039998888566303084 0.03999614145066558
-0.08940042074399851 -0.06291267467480362 -0.09599354977417021 -1.8200514781297807 -0.011524438853127728 1.7169884592949332 -0.9694501671096213 0.03999894369804888 0.03999619821867295
-0.09015780072845414 -0.06304430023084029 -0.09684395952364153 -1.8215152420271585 -0.01167539455282223 1.7180584600727917 -0.9710123520482764 0.03999899761310685 0.03999625390207307
-0.0909153101270182 -0.06316944884395026 -0.09769460579236518 -1.8229699733873448 -0.0118265719540821 1.7191260681656755 -0.972574536866547 0.03999905033907344 0.039996308519778735
-0.09167295094642948 -0.06328812987496837 -0.09854547887870685 -1.8244156828584 -0.011977955009123414 1.720191285036462 -0.974136721583174 0.039999101903349536 0.03999636209001353
-0.09243072544130074 -0.06340035257164872 -0.09939656939904139 -1.8258523810327136 -0.012129527703154548 1.7212541119743539 -0.9756989062127761 0.039999152332841834 0.0399964146306242
-0.093188636054608 -0.06350612609101489 -0.10024786820590705 -1.8272800784287193 -0.012281274046394092 1.7223145500999852 -0.9772610907667523 0.03999920165378224 0.03999646615927466
-0.09394668537142768 -0.0636054595169623 -0.10109936632398514 -1.8286987854770578 -0.012433178067925321 1.723372600369521 -0.9788232752539855 0.039999249891629084 0.039996516693558075
-0.09470487608302967 -0.06369836187417041 -0.10195105490001466 -1.8301085125101964 -0.012585223810986186 1.7244282635779633 -0.9803854596813936 0.03999929707102391 0.03999656625105324
-0.0954632109590659 -0.06378484213914731 -0.10280292516360011 -1.8315092697547313 -0.012737395329381762 1.7254815403618384 -0.9819476440543594 0.03999934321578507 0.03999661484934404
-0.09622169282608692 -0.06386490924904609 -0.10365496839653436 -1.8329010673257702 -0.012889676684774882 1.7265324312013912 -0.9835098283770668 0.03999938834892473 0.03999666250601546
-0.0969803245510053 -0.06393857210874988 -0.10450717590877726 -1.8342839152229258 -0.013042051944664278 1.7275809364223957 -0.9850720126527633 0.03999943249268005 0.03999670923863539
-0.0977391090284259 -0.06400583959661141 -0.10535953901963648 -1.8356578233275518 -0.013194505180901461 1.7286270561976613 -0.9866341968839654 0.03999947566855194 0.03999675506472873
-0.0984980491709991 -0.0640667205691464 -0.10621204904301441 -1.8370228014009384 -0.013347020468630243 1.7296707905482958 -0.9881963810726182 0.0399995178973472 0.039996800001748184
-0.0992571479021373 -0.06412122386491327 -0.1070646972758328 -1.8383788590832428 -0.013499581885558306 1.730712139344778 -0.9897585652202217 0.03999955919922106 0.03999684406704447
-0.10001640815057926 -0.06416935830775913 -0.10791747498894082 -1.8397260058929834 -0.013652173511490137 1.731751102307877 -0.9913207493279277 0.03999959959371839 0.039996887277837914
-0.10077583284639906 -0.0642111327095718 -0.10877037341996394 -1.841064251226963 -0.013804779428066178 1.732787679009448 -0.9928829333966166 0.039999639099812495 0.03999692965119231
-0.10153542491814524 -0.06424655587264577 -0.10962338376766943 -1.8423936043605154 -0.01395738371866515 1.7338218688731282 -0.9944451174269572 0.039999677735940924 0.039996971203991746
-0.10229518729086376 -0.06427563659174604 -0.11047649718751676 -1.8437140744479952 -0.014109970468435987 1.734853671174953 -0.996007301419453 0.03999971552003808 0.03999701195292052
-0.10305512288481258 -0.06429838365593431 -0.11132970478813402 -1.8450256705234478 -0.014262523764433167 1.7358830850439047 -0.9975694853744791 0.0399997524695647 0.03999705191444611
-0.10381523461471781 -0.06431480585020777 -0.11218299762851766 -1.8463284015014099 -0.014415027695835003 1.7369101094624062 -0.99913166929231 0.03999978860153421 0.03999709110480513
-0.10457552538945385 -0.06432491195698914 -0.11303636671579731 -1.8476222761778032 -0.014567466354228955 1.7379347432667671 -1.0006938531731424 0.03999982393253635 0.03999712953999199
-0.10533599811205596 -0.06432871075749784 -0.11388980300344191 -1.8489073032308914 -0.01471982383395149 1.7389569851475914 -1.0022560370171125 0.03999985847875814 0.039997167235749975
-0.10609665567999371 -0.06432621103302531 -0.11474329738981061 -1.8501834912222788 -0.014872084232472787 1.7399768336501498 -1.0038182208243092 0.03999989225600264 0.03999720420756452
-0.10685750098564913 -0.0643174215661324 -0.11559684071697261 -1.8514508485979313 -0.015024231650818695 1.7409942871747208 -1.0053804045947847 0.03999992527970565 0.03999724047065838
-0.10761853691695619 -0.0643023511417824 -0.11645042376973716 -1.8527093836892068 -0.015176250194024018 1.742009343976907 -1.0069425883285634 0.039999957564950644 0.03999727603998837
-0.10837976635816733 -0.06428100854842048 -0.11730403727484727 -1.853959104713886 -0.015328123971612494 1.7430220021679241 -1.008504772025648 0.03999998912648215 0.03999731093024362
-0.10914119219072038 -0.06425340257900755 -0.11815767190030127 -1.8552000197771916 -0.015479837098099865 1.7440322597148687 -1.0100669556860238 0.040000019978717855 0.03999734515584486
-0.1099028172941853 -0.06421954203201495 -0.11901131825477376 -1.8564321368727956 -0.01563137369351718 1.7450401144409644 -1.0116291393096641 0.040000050135759524 0.039997378730944826
-0.11066464454727432 -0.0641794357123847 -0.11986496688711411 -1.8576554638838025 -0.01578271788395214 1.7460455640257877 -1.0131913228965324 0.040000079611402964 0.039997411669429404
-0.11142667682890293 -0.06413309243245911 -0.12071860828590497 -1.8588700085837113 -0.01593385380210672 1.7470486060054748 -1.0147535064465845 0.04000010841914714 0.0399974439849195
-0.11218891701929204 -0.06408052101288264 -0.12157223287906764 -1.8600757786373496 -0.016084765587869747 1.7480492377729098 -1.0163156899597712 0.04000013657220259 0.03999747569077344
-0.11295136800110327 -0.06402173028347818 -0.1224258310335033 -1.8612727816017784 -0.016235437388903304 1.749047456577894 -1.0178778734360394 0.04000016408349922 0.039997506800089844
-0.11371403266060183 -0.06395672908409955 -0.12327939305476208 -1.8624610249271665 -0.01638585336124215 1.7500432595272992 -1.019440056875333 0.040000190965693565 0.039997537325710805
-0.1144769138888421 -0.06388552626546139 -0.12413290918673352 -1.863640515957632 -0.016535997669905482 1.751036643585202 -1.0210022402775942 0.04000021723117563 0.03999756728022545
-0.11524001458287235 -0.06380813068994765 -0.12498636961135298 -1.8648112619320512 -0.016685854489520504 1.752027605573001 -1.022564423642764 0.04000024289207532 0.039997596675973635
-0.11600333764695599 -0.06372455123239934 -0.12583976444832037 -1.8659732699848335 -0.016835408004957357 1.7530161421695172 -1.0241266069707828 0.040000267960268544 0.03999762552504983
-0.11676688599380694 -0.06363479678088226 -0.12669308375482782 -1.8671265471466607 -0.0169846424119751 1.7540022499110766 -1.0256887902615912 0.04000029244738304 0.03999765383930717
-0.1175306625458378 -0.06353887623743502 -0.1275463175252938 -1.868271100345192 -0.01713354191787845 1.754985925191576 -1.0272509735151294 0.040000316364803924 0.03999768163036154
-0.11829467023641925 -0.06343679851879806 -0.12839945569110175 -1.869406936405732 -0.017282090742185036 1.7559671642625323 -1.0288131567313383 0.04000033972367904 0.03999770890959574
-0.11905891201114994 -0.06332857255712354 -0.1292524881203417 -1.8705340620518645 -0.017430273117303028 1.7569459632331121 -1.0303753399101596 0.04000036253492411 0.0399977356881637
-0.11982339082913614 -0.06321420730066671 -0.1301054046175535 -1.8716524839060475 -0.017578073289218923 1.7579223180701464 -1.0319375230515357 0.04000038480922768 0.03999776197699467
-0.12058810966428046 -0.06309371171445878 -0.1309581949234706 -1.872762208490174 -0.01772547551819539 1.7588962245981263 -1.03349970615541 0.04000040655705594 0.039997787786797454
-0.12135307150657958 -0.06296709478096144 -0.13181084871476398 -1.8738632422260937 -0.017872464079479077 1.7598676784991814 -1.0350618892217271 0.040000427788657394 0.03999781312806457
-0.1221182793634303 -0.06283436550070322 -0.13266335560378475 -1.8749555914360985 -0.01801902326401822 1.76083667531304 -1.0366240722504327 0.04000044851406741 0.03999783801107644
-0.12288373626094416 -0.06269553289289777 -0.13351570513830568 -1.8760392623433708 -0.018165137379190018 1.7618032104369716 -1.0381862552414736 0.040000468743112576 0.03999786244590549
-0.12364944524527023 -0.0625506059960441 -0.13436788680126066 -1.8771142610723934 -0.018310790749537672 1.762767279125711 -1.0397484381947981 0.04000048848541507 0.03999788644242025
-0.12441540938392616 -0.06239959386850898 -0.13521989001048187 -1.8781805936493217 -0.01845596771751701 1.763728876491363 -1.0413106211103558 0.0400005077503968 0.039997910010289385
-0.12518163176713745 -0.062242505589091404 -0.13607170411843428 -1.8792382660023177 -0.018600652644252626 1.7646879975032903 -1.0428728039880975 0.040000526547283526 0.03999793315898567
-0.12594811550918503 -0.062079350257569305 -0.13692331841194713 -1.880287283961846 -0.018744829910303473 1.7656446369879797 -1.0444349868279756 0.04000054488510885 0.03999795589778992
-0.12671486374976104 -0.06191013699522851 -0.13777472211194217 -1.8813276532609304 -0.01888848391643785 1.766598789628891 -1.0459971696299442 0.04000056277271814 0.03999797823579483
-0.12748187965533325 -0.06173487494537399 -0.13862590437315822 -1.8823593795353717 -0.0190315990844177 1.7675504499662864 -1.0475593523939584 0.04000058021877233 0.03999800018190881
-0.12824916642051773 -0.06155357327382342 -0.13947685428387208 -1.8833824683239262 -0.0191741598577922 1.7684996123970382 -1.0491215351199752 0.040000597231751645 0.03999802174485972
-0.12901672726946034 -0.061366241169383155 -0.14032756086561526 -1.8843969250684451 -0.019316150702700513 1.7694462711744177 -1.0506837178079529 0.04000061381995931 0.03999804293319851
-0.129784565457227 -0.06117288784430654 -0.14117801307288652 -1.8854027551139738 -0.01945755610868373 1.7703904204078633 -1.0522459004578515 0.0400006299915251 0.0399980637553029
-0.13055268427120273 -0.06097352253473468 -0.14202819979285977 -1.8863999637088102 -0.019598360589505873 1.7713320540627278 -1.0538080830696324 0.04000064575440883 0.03999808421938088
-0.13132108703249992 -0.060768154501119685 -0.14287810984508734 -1.887388556004523 -0.019738548683983944 1.7722711659600037 -1.0553702656432589 0.040000661116403796 0.03999810433347422
-0.13208977709737588 -0.06055679302863032 -0.14372773198119812 -1.8883685370559293 -0.019878104956826938 1.7732077497760277 -1.0569324481786955 0.04000067608514016 0.0399981241054619
-0.13285875785865955 -0.0603394474275402 -0.14457705488459077 -1.889339911821031 -0.020017013999483774 1.7741417990421628 -1.0584946306759089 0.04000069066808819 0.03999814354306346
-0.13362803274718818 -0.060116127033598504 -0.14542606717012108 -1.890302685160908 -0.020155260431000088 1.775073307144458 -1.0600568131348669 0.0400007048725615 0.039998162653842324
-0.13439760523325348 -0.05988684120838313 -0.146274757383784 -1.8912568618395706 -0.02029282889888382 1.7760022673232847 -1.061618995555539 0.04000071870572022 0.039998181445209016
-0.13516747882805796 -0.05965159933963652 -0.14712311400238964 -1.89220244652377 -0.02042970407997955 1.7769286726729503 -1.063181177937897 0.04000073217457405 0.039998199924424355
-0.13593765708518138 -0.05941041084158391 -0.1479711254332329 -1.8931394437827629 -0.02056587068135152 1.7778525161412877 -1.0647433602819139 0.04000074528598527 0.039998218098602586
-0.13670814360205763 -0.05916328515523421 -0.14881878001375695 -1.8940678580880357 -0.020701313441175272 1.7787737905292205 -1.0663055425875643 0.04000075804667174 0.03999823597471443
-0.1374789420214622 -0.05891023174866346 -0.14966606601120985 -1.8949876938129828 -0.020836017129637865 1.7796924884903036 -1.067867724854825 0.04000077046320975 0.03999825355959009
-0.13825005603301066 -0.05865126011728081 -0.15051297162229424 -1.8958989552325411 -0.02096996654984661 1.7806086025302381 -1.0694299070836744 0.040000782542036886 0.03999827085992222
-0.13902148937466785 -0.058386379784077146 -0.1513594849728098 -1.8968016465227786 -0.021103146538746242 1.7815221250063602 -1.0709920892740925 0.04000079428945476 0.03999828788226881
-0.1397932458342689 -0.05811560029985624 -0.15220559411728812 -1.8976957717604381 -0.0212355419680445 1.7824330481271045 -1.0725542714260612 0.040000805711631754 0.039998304633056016
-0.14056532925105134 -0.05783893124344852 -0.15305128703861984 -1.898581334922435 -0.021367137745146036 1.7833413639514388 -1.0741164535395644 0.04000081681460566 0.039998321118580975
-0.1413377435171995 -0.05755638222190742 -0.15389655164767357 -1.8994583398853069 -0.021497918814094612 1.784247064388273 -1.0756786356145878 0.04000082760428629 0.03999833734501451
-0.14211049257940053 -0.0572679628706883 -0.1547413757829064 -1.9003267904246168 -0.021627870156523513 1.785150141195838 -1.0772408176511186 0.040000838086457984 0.039998353318403845
-0.1428835804404133 -0.05697368285380999 -0.1555857472099656 -1.901186690214308 -0.02175697679261413 1.7860505859810365 -1.0788029996491464 0.04000084826678213 0.039998369044675214
-0.14365701116064944 -0.05667355186399885 -0.15642965362128136 -1.9020380428260095 -0.021885223782062636 1.7869483901987646 -1.0803651816086626 0.04000085815079957 0.039998384529636465
-0.1444307888597678 -0.05636757962281541 -0.15727308263564985 -1.9028808517282936 -0.02201259622505472 1.7878435451512016 -1.0819273635296602 0.04000086774393297 0.039998399778979586
-0.1452049177182818 -0.056055775880763666 -0.15811602179780665 -1.9037151202858809 -0.022139079263248332 1.7887360419870704 -1.0834895454121345 0.040000877051489185 0.03999841479828321
-0.14597940197918072 -0.055738150417382774 -0.15895845857798996 -1.9045408517587958 -0.022264658080764322 1.7896258717008644 -1.0850517272560825 0.04000088607866148 0.039998429593015056
-0.14675424594956443 -0.05541471304132142 -0.15980038037149316 -1.9053580493014708 -0.02238931790518501 1.7905130251320438 -1.0866139090615035 0.04000089483053178 0.03999844416853432
-0.1475294540022928 -0.05508547359039464 -0.1606417744982066 -1.9061667159617959 -0.022513044008560527 1.7913974929641958 -1.0881760908283986 0.040000903312072816 0.039998458530094046
-0.14830503057764943 -0.05475044193162317 -0.16148262820214787 -1.906966854680117 -0.02263582170842298 1.7922792657241633 -1.0897382725567712 0.040000911528150294 0.039998472682843435
-0.1490809801850204 -0.054409627961255355 -0.16232292865098039 -1.907758468288179 -0.022757636368808294 1.7931583337811359 -1.0913004542466265 0.040000919483524904 0.039998486631830116
-0.14985730740458827 -0.05406304160477145 -0.16316266293551976 -1.9085415595080129 -0.022878473401285734 1.7940346873457067 -1.0928626358979718 0.04000092718285439 0.03999850038200238
-0.15063401688904202 -0.05371069281687044 -0.16400181806922742 -1.909316130950768 -0.022998318265995032 1.7949083164688913 -1.0944248175108169 0.04000093463069551 0.03999851393821137
-0.15141111336530277 -0.053352591581439304 -0.16484038098769127 -1.9100821851154872 -0.02311715647269108 1.7957792110411086 -1.0959869990851732 0.04000094183150597 0.03999852730521324
-0.1521886016362663 -0.05298874791150469 -0.16567833854809266 -1.9108397243878226 -0.023234973581796128 1.7966473607911233 -1.0975491806210547 0.04000094878964631 0.039998540487671284
-0.15296648658256234 -0.05261917184916696 -0.16651567752865926 -1.9115887510386929 -0.023351755205459443 1.7975127552849475 -1.0991113621184774 0.04000095550938173 0.03999855349015798
-0.1537447731643314 -0.05224387346551667 -0.1673523846281033 -1.912329267222881 -0.02346748700862438 1.7983753839247019 -1.1006735435774595 0.04000096199488391 0.03999856631715707
-0.15452346642301942 -0.051862862860533335 -0.1681884464650449 -1.9130612749775702 -0.023582154710102814 1.7992352359474342 -1.1022357249980217 0.04000096825023275 0.03999857897306554
-0.1553025714831907 -0.05147615016296655 -0.16902384957741942 -1.9137847762208162 -0.02369574408365691 1.8000923004238951 -1.1037979063801866 0.040000974279418074 0.039998591462195615
-0.15608209355435984 -0.05108374553019935 -0.16985858042186866 -1.9144997727499582 -0.023808240959088144 1.8009465662572681 -1.1053600877239795 0.040000980086341294 0.03999860378877671
-0.15686203793284284 -0.050685659148093885 -0.17069262537311547 -1.915206266239963 -0.023919631223333595 1.801798022181855 -1.1069222690294278 0.04000098567481705 0.03999861595695731
-0.1576424100036283 -0.050281901230819256 -0.1715259707233206 -1.9159042582417036 -0.024029900821569403 1.8026466567617137 -1.1084844502965612 0.04000099104857479 0.03999862797080688
-0.15842321524226902 -0.04987248202066155 -0.1723586026814217 -1.9165937501801706 -0.024139035758321405 1.803492458389247 -1.1100466315254118 0.040000996211260284 0.039998639834317694
-0.15920445921679452 -0.049457411787816034 -0.17319050737245353 -1.9172747433526143 -0.0242470220985829 1.8043354152837434 -1.1116088127160146 0.040001001166437164 0.03999865155140666
-0.1599861475896454 -0.04903670083016139 -0.17402167083684897 -1.9179472389266161 -0.02435384596893948 1.8051755154898634 -1.1131709938684065 0.04000100591758836 0.03999866312591712
-0.16076828611962993 -0.048610359473016056 -0.17485207902971964 -1.91861123793809 -0.024459493558700952 1.806012746876077 -1.1147331749826268 0.04000101046811753 0.03999867456162061
-0.16155088066390327 -0.04817839806887659 -0.17568171782011613 -1.9192667412892082 -0.02456395112104029 1.806847097133044 -1.1162953560587179 0.04000101482135044 0.0399986858622186
-0.16233393717997074 -0.04774082699713791 -0.17651057299026643 -1.919913749746254 -0.024667204974139573 1.80767855377194 -1.1178575370967243 0.04000101898053632 0.03999869703134421
-0.16311746172771507 -0.0472976566637955 -0.17733863023479218 -1.9205522639373969 -0.024769241502342942 1.8085071041227243 -1.1194197180966934 0.04000102294884915 0.039998708072563886
-0.16390146047144866 -0.04684889750112947 -0.17816587515990195 -1.9211822843503905 -0.02487004715731651 1.8093327353323485 -1.1209818990586748 0.040001026729388954 0.03999871898937908
-0.1646859396819918 -0.04639455996737039 -0.17899229328256033 -1.9218038113301898 -0.024969608459215226 1.8101554343629052 -1.122544079982721 0.040001030325183005 0.03999872978522789
-0.16547090573877724 -0.045934654546346834 -0.17981787002963265 -1.9224168450764874 -0.025067911997856684 1.8109751879897125 -1.1241062608688872 0.04000103373918702 0.03999874046348668
-0.16625636513198222 -0.04546919174711467 -0.18064259073700367 -1.9230213856411649 -0.025164944433901885 1.811791982799335 -1.1256684417172311 0.04000103697428635 0.03999875102747166
-0.16704232446468875 -0.044998182103567826 -0.18146644064867004 -1.9236174329256606 -0.025260692500042894 1.8126058051875378 -1.1272306225278135 0.040001040033297054 0.03999876148044051
-0.16782879045507285 -0.04452163617403072 -0.18228940491580511 -1.924204986678248 -0.02535514300219747 1.8134166413571717 -1.1287928033006975 0.04000104291896702 0.039998771825593894
-0.16861576993862393 -0.04403956454083203 -0.18311146859579527 -1.9247840464912256 -0.025448282820710617 1.814224477315988 -1.1303549840359497 0.04000104563397698 0.039998782066077036
-0.16940326987039503 -0.04355197780985993 -0.1839326166512468 -1.9253546117980145 -0.025540098911563072 1.81502929887438 -1.131917164733639 0.04000104818094155 0.039998792204981225
-0.17019129732728505 -0.04305888661009854 -0.18475283394896222 -1.9259166818701616 -0.025630578307586784 1.8158310916430496 -1.1334793453938372 0.04000105056241019 0.039998802245345334
-0.17097985951035402 -0.04256030159314564 -0.18557210525888493 -1.926470255814248 -0.02571970811968735 1.8166298410305963 -1.1350415260166193 0.04000105278086814 0.03999881219015732
-0.1717689637471722 -0.04205623343271144 -0.18639041525301106 -1.9270153325686956 -0.0258074755380735 1.8174255322410267 -1.1366037066020633 0.040001054838737345 0.0399988220423557
-0.17255861749420462 -0.04154669282409843 -0.18720774850426747 -1.927551910900476 -0.02589386783349357 1.8182181502711794 -1.13816588715025 0.04000105673837729 0.03999883180483099
-0.17334882833923168 -0.04103169048366208 -0.18802408948535446 -1.9280799894017122 -0.02597887235847912 1.8190076799080683 -1.1397280676612631 0.04000105848208586 0.03999884148042721
-0.17413960400380743 -0.04051123714825235 -0.18883942256755204 -1.9285995664861764 -0.02606247654859563 1.819794105726135 -1.1412902481351899 0.040001060072100136 0.03999885107194329
-0.1749309523457566 -0.03998534357463597 -0.18965373201948857 -1.9291106403856757 -0.026144667923700383 1.8205774120844116 -1.1428524285721204 0.04000106151059714 0.0399988605821345
-0.17572288136171155 -0.03945402053889914 -0.19046700200587008 -1.9296132091463276 -0.026225434089207626 1.8213575831235898 -1.1444146089721479 0.040001062799694564 0.039998870013713904
-0.17651539918969095 -0.03891727883583082 -0.1912792165861692 -1.9301072706247193 -0.02630476273736098 1.8221346027629934 -1.145976789335369 0.04000106394145149 0.03999887936935375
-0.17730851411172105 -0.03837512927828624 -0.19209035971327204 -1.9305928224839481 -0.026382641648513262 1.8229084546974512 -1.1475389696618834 0.040001064937868994 0.039998888651686874
-0.17810223455650134 -0.03782758269653062 -0.1929004152320815 -1.9310698621895406 -0.026459058692413762 1.8236791223940658 -1.1491011499517945 0.040001065790890813 0.039998897863308125
-0.17889656910211618 -0.03727464993756289 -0.1937093668780755 -1.9315383870052458 -0.026534001829503082 1.8244465890888766 -1.1506633302052085 0.0400010665024039 0.03999890700677573
-0.17969152647879372 -0.03671634186441926 -0.1945171982758183 -1.931998393988701 -0.026607459112215615 1.8252108377834124 -1.1522255104222354 0.04000106707423896 0.03999891608461272
-0.18048711557171407 -0.03615266935545654 -0.19532389293742355 -1.9324498799869638 -0.026679418686289803 1.82597185124113 -1.1537876906029885 0.040001067508171 0.03999892509930829
-0.18128334542386826 -0.035583643303614944 -0.19612943426096688 -1.9328928416319082 -0.02674986879208628 1.8267296119837353 -1.1553498707475844 0.040001067805919756 0.03999893405331919
-0.1820802252389699 -0.03500927461566025 -0.1969338055288464 -1.9333272753354807 -0.026818797765914046 1.827484102287382 -1.1569120508561437 0.04000106796915014 0.03999894294907113
-0.18287776438442135 -0.03442957421140512 -0.19773698990608915 -1.9337531772848122 -0.02688619404136478 1.8282353041787456 -1.1584742309287903 0.040001067999472666 0.039998951788960166
-0.18367597239433642 -0.033844553022909334 -0.19853897043860155 -1.9341705434371808 -0.026952046150655495 1.8289831994309653 -1.1600364109656518 0.040001067898443744 0.03999896057535406
-0.18447485897262164 -0.03325422199365879 -0.19933973005136152 -1.9345793695148212 -0.027016342725979685 1.8297277695594536 -1.1615985909668596 0.04000106766756607 0.03999896931059372
-0.1852744339961183 -0.032658592077723 -0.20013925154655046 -1.9349796509995776 -0.0270790725008671 1.8304689958175633 -1.1631607709325487 0.04000106730828886 0.03999897799699455
-0.18607470751780716 -0.03205767423889086 -0.2009375176016225 -1.9353713831273913 -0.027140224311552434 1.8312068591921127 -1.1647229508628578 0.04000106682200808 0.03999898663684789
-0.18687568977007887 -0.03145147944978438 -0.2017345107673089 -1.9357545608826234 -0.02719978709835304 1.8319413403987597 -1.1662851307579298 0.04000106621006669 0.03999899523242241
-0.18767739116807156 -0.030840018690950256 -0.20253021346555486 -1.9361291789922026 -0.02725774990705597 1.8326724198772217 -1.1678473106179115 0.04000106547375474 0.03999900378596555
-0.18847982231307905 -0.03022330294992882 -0.20332460798738672 -1.9364952319195947 -0.027314101890314527 1.8334000777863348 -1.1694094904429533 0.04000106461430953 0.03999901229970492
-0.18928299399603177 -0.02960134322030021 -0.20411767649070603 -1.9368527138585876 -0.027368832309054618 1.8341242939989462 -1.1709716702332098 0.04000106363291565 0.03999902077584979
-0.19008691720105314 -0.02897415050070737 -0.2049094009980087 -1.9372016187268868 -0.02742193053389116 1.8348450480966352 -1.17253384998884 0.040001062530705005 0.0399990292165925
-0.19089160310909487 -0.028341735793855582 -0.20569976339402543 -1.937541940159513 -0.027473386046554856 1.835562319364255 -1.1740960297100067 0.04000106130875681 0.039999037624109966
-0.1916970631016533 -0.027704110105488206 -0.2064887454232811 -1.9378736715019975 -0.027523188441329616 1.8362760867842889 -1.1756582093968773 0.0400010599680975 0.03999904600056516
-0.1925033087645708 -0.02706128444333815 -0.20727632868756946 -1.9381968058033663 -0.027571327426500987 1.8369863290310149 -1.1772203890496231 0.040001058509700614 0.03999905434810864
-0.19331035189192503 -0.026413269816054838 -0.20806249464334006 -1.9385113358089088 -0.027617792825815928 1.8376930244644711 -1.17878256866842 0.04000105693448665 0.03999906266888005
-0.19411820449000938 -0.025760077232106136 -0.20884722459899416 -1.9388172539527204 -0.02766257457995431 1.838396151124213 -1.1803447482534482 0.0400010552433228 0.039999070965009716
-0.19492687878140882 -0.02510171769865486 -0.2096304997120854 -1.9391145523500128 -0.02770566274801252 1.8390956867228576 -1.1819069278048926 0.04000105343702271 0.0399990792386202
-0.19573638720917416 -0.024438202220409384 -0.21041230098642222 -1.9394032227891849 -0.027747047508999624 1.8397916086394028 -1.1834691073229424 0.04000105151634615 0.03999908749182793
-0.19654674244109932 -0.023769541798447903 -0.2111926092690677 -1.9396832567236426 -0.02778671916334652 1.8404838939123171 -1.1850312868077917 0.040001049481998605 0.039999095726744836
-0.19735795737410516 -0.02309574742901576 -0.21197140524723262 -1.9399546452633625 -0.027824668134428538 1.841172519232387 -1.1865934662596391 0.040001047334630856 0.03999910394548004
-0.1981700451387347 -0.022416830102295376 -0.21274866944505788 -1.9402173791661865 -0.027860884970102005 1.8418574609353147 -1.1881556456786884 0.04000104507483846 0.03999911215014155
-0.1989830191037639 -0.021732800801148144 -0.21352438222028125 -1.9404714488288408 -0.027895360344255337 1.8425386949940572 -1.1897178250651477 0.040001042703161196 0.03999912034283801
-0.1997968928809328 -0.021043670499827735 -0.21429852376078415 -1.9407168442776659 -0.027928085058375164 1.8432161970108933 -1.1912800044192304 0.04000104022008242 0.039999128525680515
-0.2006116803298022 -0.02034945016266412 -0.21507107408101347 -1.9409535551590495 -0.027959050043128136 1.8438899422092103 -1.1928421837411551 0.04000103762602834 0.03999913670078445
-0.20142739556274075 -0.019650150742717674 -0.2158420130182731 -1.9411815707295494 -0.027988246359958995 1.8445599054249981 -1.1944043630311454 0.04000103492136731 0.03999914487027136
-0.20224405295004813 -0.018945783180402596 -0.21661132022887997 -1.9414008798456954 -0.028015665202705643 1.8452260610980395 -1.19596654228943 0.04000103210640888 0.0399991530362709
-0.2030616671252199 -0.018236358402078948 -0.2173789751841787 -1.9416114709534578 -0.028041297899231855 1.8458883832627824 -1.197528721516243 0.040001029181402976 0.03999916120092283
-0.20388025299036025 -0.017521887318612418 -0.21814495716640941 -1.9418133320773683 -0.028065135913078403 1.8465468455388825 -1.1990909007118238 0.04000102614653881 0.03999916936637909
-0.2046998257217486 -0.01680238082390104 -0.21890924526442182 -1.9420064508092816 -0.028087170845133402 1.8472014211214032 -1.2006530798764175 0.04000102300194383 0.03999917753480588
-0.20552040077556696 -0.01607784979336791 -0.21967181836922953 -1.9421908142967623 -0.028107394435322695 1.847852082770655 -1.2022152590102748 0.04000101974768253 0.03999918570838589
-0.2063419938937948 -0.01534830508241897 -0.22043265516939764 -1.9423664092310815 -0.028125798564321142 1.8484988028016636 -1.2037774381136521 0.040001016383755174 0.039999193889320564
-0.2071646211102788 -0.014613757524864799 -0.22119173414625629 -1.9425332218348081 -0.0281423752552858 1.8491415530732465 -1.2053396171868114 0.04000101291009641 0.0399992020798324
-0.20798829875698527 -0.013874217931305409 -0.22194903356893267 -1.942691237848979 -0.028157116675611917 1.8497803049766852 -1.2069017962300208 0.040001009326573814 0.03999921028216743
-0.2088130434704429 -0.013129697087476837 -0.22270453148919367 -1.9428404425198273 -0.028170015138712815 1.8504150294239718 -1.2084639752435546 0.040001005632986295 0.039999218498597694
-0.20963887219838487 -0.012380205752558352 -0.22345820573609054 -1.9429808205850556 -0.028181063105824786 1.8510456968356135 -1.210026154227693 0.040001001829062396 0.03999922673142388
-0.2104658022065987 -0.011625754657438979 -0.22421003391039704 -1.9431123562596293 -0.0281902531878381 1.8516722771279748 -1.2115883331827226 0.04000099791445849 0.03999923498297803
-0.21129385108599358 -0.010866354502941997 -0.22495999337883169 -1.9432350332210726 -0.028197578147155428 1.8522947397001368 -1.2131505121089363 0.04000099388875681 0.03999924325562636
-0.212123036759895 -0.010102015958005929 -0.22570806126805443 -1.943348834594246 -0.028203030899578894 1.8529130534202511 -1.2147126910066337 0.040000989751463385 0.039999251551772204
-0.2129533774915769 -0.009332749657820548 -0.22645421445842737 -1.9434537429355805 -0.02820660451622725 1.8535271866113665 -1.2162748698761208 0.04000098550200582 0.0399992598738591
-0.21378489189204253 -0.008558566201916178 -0.22719842957752892 -1.9435497402167463 -0.028208292225484478 1.8541371070367032 -1.2178370487177106 0.040000981139730926 0.03999926822437396
-0.2146175989280655 -0.007779476152204618 -0.22794068299340992 -1.9436368078077306 -0.02820808741498147 1.8547427818843498 -1.219399227531723 0.040000976663902184 0.03999927660585044
-0.21545151793050324 -0.006995490030969844 -0.2286809508075795 -1.9437149264592959 -0.028205983633612364 1.855344177751355 -1.2209614063184846 0.04000097207369706 0.039999285020872424
-0.21628666860289564 -0.006206618318806493 -0.22941920884770842 -1.9437840762847935 -0.028201974593587243 1.8559412606271861 -1.22252358507833 0.04000096736820412 0.03999929347207768
-0.21712307103036266 -0.0054128714525040495 -0.23015543266003607 -1.9438442367413011 -0.028196054172523004 1.856533995876524 -1.2240857638116005 0.04000096254641998 0.03999930196216171
-0.21796074568881518 -0.004614259822874542 -0.23088959750146734 -1.9438953866100508 -0.02818821641557437 1.8571223482213624 -1.2256479425186453 0.040000957607246035 0.039999310493881765
-0.21879971345449414 -0.003810793772521342 -0.23162167833134403 -1.943937503976119 -0.028178455537606995 1.8577062817223782 -1.227210121199821 0.040000952549484985 0.039999319070061046
-0.21963999561385417 -0.003002483593546563 -0.2323516498028755 -1.9439705662073388 -0.028166765925414887 1.8582857597595357 -1.2287722998554924 0.04000094737183713 0.03999932769359318
-0.22048161387380866 -0.0021893395251943843 -0.23307948625421138 -1.9439945499323983 -0.028153142139984343 1.8588607450118877 -1.2303344784860322 0.040000942072896443 0.03999933636744683
-0.22132459037235422 -0.0013713717514273868 -0.23380516169913879 -1.9440094310180875 -0.028137578918806888 1.859431199436534 -1.2318966570918213 0.04000093665114634 0.03999934509467067
-0.22216894768959353 -0.000548590398432929 -0.23452864981738553 -1.9440151845456488 -0.028120071178243715 1.8599970842466917 -1.233458835673249 0.04000093110495522 0.039999353878398494
-0.2230147088591767 0.0002789944679438228 -0.23524992394450903 -1.9440117847861886 -0.028100614015944332 1.8605583598888362 -1.2350210142307134 0.0400009254325717 0.039999362721854705
-0.2238618973801827 0.0011113728448435584 -0.23596895706135024 -1.9439992051751016 -0.028079202713322305 1.8611149860188603 -1.2365831927646214 0.04000091963211952 0.039999371628360064
-0.22471053722946313 0.0019485347951170328 -0.23668572178303005 -1.9439774182854586 -0.028055832738091112 1.8616669214772033 -1.2381453712753885 0.04000091370159214 0.039999380601337765
-0.22556065287447302 0.0027904704501337226 -0.23740019034746443 -1.9439463958003036 -0.028030499746863342 1.8622141242628938 -1.2397075497634402 0.04000090763884696 0.03999938964431987
-0.2264122692866134 0.0036371700126791922 -0.23811233460337328 -1.9439061084838039 -0.028003199587816666 1.8627565515064506 -1.241269728229211 0.040000901441599145 0.03999939876095411
-0.22726541195511352 0.004488623759945815 -0.238822125997756 -1.9438565261511922 -0.027973928303430193 1.8632941594415764 -1.242831906673145 0.040000895107415085 0.039999407955011085
-0.2281201069014811 0.005344822046621619 -0.23952953556280554 -1.9437976176374372 -0.027942682133295076 1.863826903375582 -1.244394085095697 0.04000088863370536 0.0399994172303919
-0.22897638069455162 0.006205755308082557 -0.24023453390223018 -1.9437293507645745 -0.027909457517003487 1.8643547376584695 -1.2459562634973311 0.04000088201771725 0.0399994265911363
-0.22983426046616903 0.007071414063693842 -0.2409370911769514 -1.9436516923076226 -0.02787425109712028 1.8648776156505982 -1.2475184418785226 0.04000087525652676 0.03999943604143122
-0.23069377392753304 0.007941788920226291 -0.24163717709014287 -1.9435646079590088 -0.027837059722242014 1.8653954896888567 -1.2490806202397573 0.04000086834703005 0.03999944558561999
-0.23155494938624976 0.00881687057539425 -0.24233476087157418 -1.9434680622914204 -0.027797880450148246 1.8659083110512529 -1.250642798581532 0.04000086128593432 0.03999945522821202
-0.23241781576412568 0.009696649821521965 -0.24302981126122009 -1.9433620187189922 -0.027756710551050376 1.8664160299198322 -1.2522049769043548 0.040000854069748015 0.039999464973893194
-0.23328240261574681 0.010581117549345948 -0.24372229649209343 -1.943246439456735 -0.027713547510943622 1.8669185953418255 -1.253767155208746 0.0400008466947704 0.03999947482753688
-0.2341487401478886 0.011470264751961367 -0.24441218427225714 -1.943121285478105 -0.02766838903506811 1.8674159551889222 -1.2553293334952371 0.040000839157080324 0.03999948479421573
-0.23501685923980453 0.012364082528921119 -0.2450994417659676 -1.9429865164706028 -0.027621233051485422 1.8679080561145582 -1.2568915117643726 0.04000083145252424 0.039999494879214254
-0.23588679146444516 0.013262562090496971 -0.245784035573898 -1.9428420907892867 -0.027572077714777456 1.8683948435090956 -1.2584536900167094 0.04000082357670334 0.03999950508804224
-0.23675856911066306 0.014165694762112834 -0.24646593171238723 -1.9426879654080753 -0.027520921409874825 1.8688762614527665 -1.2600158682528173 0.04000081552495975 0.039999515426449125
-0.23763222520646257 0.015073471988961092 -0.2471450955916554 -1.942524095868704 -0.027467762756022574 1.8693522526662436 -1.26157804647328 0.04000080729236168 0.039999525900439405
-0.23850779354335822 0.01598588534081374 -0.2478214919929231 -1.942350436227191 -0.027412600610891517 1.869822758458685 -1.2631402246786947 0.040000798873687536 0.039999536516289076
-0.23938530870190985 0.016902926517041096 -0.24849508504436682 -1.9421669389976586 -0.027355434074844122 1.8702877186730966 -1.264702402869673 0.040000790263408775 0.03999954728056335
-0.24026480607850767 0.017824587351851863 -0.24916583819583762 -1.9419735550933404 -0.027296262495364446 1.8707470716288364 -1.266264581046841 0.04000078145567149 0.03999955820013561
-0.24114632191348603 0.01875085981976953 -0.24983371419226533 -1.9417702337645972 -0.02723508547166238 1.8712007540610747 -1.26782675921084 0.040000772444276564 0.039999569282207825
-0.24202989332065067 0.019681736041361298 -0.25049867504566375 -1.9415569225337457 -0.02717190285946312 1.8716487010570106 -1.2693889373623275 0.040000763222658275 0.0399995805343325
-0.24291555831831071 0.02061720828923719 -0.2511606820056465 -1.9413335671264886 -0.027106714775993745 1.8720908459886247 -1.2709511155019764 0.04000075378386125 0.039999591964436275
-0.24380335586191376 0.02155726899433851 -0.2518196955283552 -1.9411001113997246 -0.027039521605179466 1.8725271204417344 -1.2725132936304766 0.04000074412051552 0.03999960358084542
-0.2446933258783902 0.022501910752536453 -0.25247567524369535 -1.9408564972654876 -0.026970324003063262 1.8729574541410974 -1.274075471748535 0.04000073422480964 0.03999961539231331
-0.24558550930232176 0.023451126331563668 -0.2531285799207648 -1.9406026646107544 -0.02689912290346358 1.873381774871287 -1.2756376498568764 0.040000724088461545 0.039999627408050104
-0.24647994811405763 0.024404908678303507 -0.25377836743135224 -1.9403385512128315 -0.026825919523885883 1.8738000083930393 -1.277199827956244 0.040000713702687034 0.039999639637754845
-0.24737668537991334 0.025363250926464027 -0.25442499471137137 -1.9400640926500095 -0.026750715371705196 1.8742120783547473 -1.2787620060473999 0.040000703058165596 0.039999652091650226
-0.2482757652945968 0.026326146404666427 -0.2550684177200868 -1.9397792222071466 -0.026673512250638076 1.8746179061987496 -1.2803241841311257 0.04000069214500333 0.03999966478052024
-0.24917723322602015 0.0272935886449802 -0.2557085913969733 -1.9394838707758133 -0.026594312267523998 1.8750174110620272 -1.2818863622082235 0.04000068095269269 0.039999677715751046
-0.2500811357626681 0.02826557139194067 -0.2563454696160385 -1.9391779667485978 -0.02651311783943771 1.8754105096708895 -1.2834485402795164 0.040000669470068695 0.039999690909375364
-0.25098752076370967 0.029242088612087824 -0.2569790051374233 -1.9388614359071337 -0.026429931701156074 1.8757971162291918 -1.2850107183458492 0.040000657685261246 0.03999970437412077
-0.2518964374120552 0.03022313450406931 -0.25760914955607667 -1.938534201303376 -0.02634475691300475 1.8761771422995834 -1.2865728964080894 0.04000064558564321 0.03999971812346228
-0.2528079362705806 0.031208703509354868 -0.25823585324728543 -1.9381961831336008 -0.02625759686911232 1.87655049667724 -1.2881350744671276 0.04000063315777371 0.03999973217167967
-0.25372206934175967 0.032198790323614127 -0.25885906530881747 -1.9378472986045623 -0.026168455306101984 1.876917085255479 -1.289697252523879 0.040000620387336205 0.039999746533920084
-0.25463889013096713 0.03319338990881526 -0.25947873349941514 -1.93748746179118 -0.02607733631225342 1.8772768108826021 -1.2912594305792835 0.04000060725907074 0.039999761226266514
-0.25555845371374225 0.034192497506107984 -0.2600948041733509 -1.9371165834850719 -0.0259842443371706 1.8776295732092383 -1.2928216086343074 0.04000059375669971 0.03999977626581268
-0.25648081680732765 0.03519610864956115 -0.2607072222107291 -1.9367345710331805 -0.025889184201994486 1.8779752685253972 -1.2943837866899441 0.040000579862846476 0.03999979167074523
-0.2574060378468305 0.03620421918083317 -0.2613159309431871 -1.9363413281656614 -0.025792161110203177 1.87831378958635 -1.295945964747215 0.04000056555894591 0.03999980746043393
-0.25833417706638684 0.037216825264861676 -0.26192087207461434 -1.9359367548121242 -0.02569318065904626 1.8786450254263753 -1.2975081428071704 0.04000055082514603 0.03999982365553086
-0.25926529658574804 0.03823392340666914 -0.26252198559647 -1.935520746905214 -0.02559224885166452 1.8789688611592972 -1.2990703208708914 0.040000535640199564 0.03999984027807966
-0.26019946050275156 0.039255510469391956 -0.2631192096972359 -1.9350931961704205 -0.02548937210995121 1.87928517776463 -1.3006324989394902 0.04000051998134437 0.039999857351636026
-0.2611367349921861 0.040281583693653325 -0.2637124806654937 -1.9346539899008786 -0.025384557288216848 1.879593851858019 -1.3021946770141122 0.040000503824171196 0.039999874901400896
-0.2620771884116149 0.04131214071841439 -0.26430173278606034 -1.9342030107157897 -0.025277811687725676 1.8798947554445118 -1.3037568550959364 0.04000048714247729 0.03999989295436781
-0.26302089141478263 0.04234717960345474 -0.26488689822855516 -1.9337401363009425 -0.025169143072179163 1.8801877556530362 -1.3053190331861777 0.04000046990810404 0.0399999115394863
-0.2639679170732986 0.043386698853651984 -0.26546790692770245 -1.9332652391296326 -0.025058559684229754 1.8804727144502695 -1.3068812112860875 0.04000045209075659 0.03999993068784344
-0.26491834100734674 0.04443069744527934 -0.2660446864545651 -1.9327781861620466 -0.024946070263077158 1.880749488331959 -1.3084433893969547 0.04000043340020008 0.03999995019979152
-0.26586842058143034 0.045474955765664106 -0.26661751774550363 -1.9322835109516736 -0.024832842334656036 1.8810163500195525 -1.3099937027709037 0.04000018385834819 0.0400001714815306
-0.2668130501128171 0.04651332361319394 -0.2671856338543319 -1.9317874358838716 -0.02472027756513711 1.8812710027758632 -1.3115181531696023 0.039999470601011514 0.040000576665228264
-0.2677499906149543 0.04754281124858136 -0.2677469730213523 -1.9312921377959695 -0.024608668773948163 1.881512441399972 -1.3130138870967962 0.039998663389758514 0.04000110680678997
-0.26867775709413 0.04856188518853554 -0.26829981013258875 -1.930798202604655 -0.024498037830735543 1.8817403436152471 -1.3144804747069294 0.03999790331169425 0.04000161825502381
-0.2695952491640047 0.049569712881309916 -0.26884283817531474 -1.930305635653648 -0.02438835177794518 1.8819547167527917 -1.3159180555784948 0.03999725391186127 0.040002045104298944
-0.27050163935344923 0.050565819890178436 -0.26937509049893565 -1.9298142713906625 -0.024279577528545933 1.8821557212884925 -1.3173269332254651 0.0399967295760735 0.04000237079302317
-0.27139631165020883 0.051549928919992404 -0.2698958673769446 -1.929323931386205 -0.024171694093472453 1.8823435873114156 -1.3187074783614154 0.03999632123257398 0.040002602386814794
-0.2722788174167953 0.05252188052765464 -0.27040467892474124 -1.9288344779113091 -0.024064693474117112 1.8825185756755067 -1.3200600999948937 0.03999601140770362 0.04000275550974606
-0.2731488413096387 0.053481591480118496 -0.27090120095110576 -1.9283458255588914 -0.023958578691436153 1.8826809598470557 -1.3213852328086113 0.039995781540147025 0.04000284701836242
-0.27400617433113383 0.05442903112851327 -0.2713852403526289 -1.9278579372611482 -0.023853361342451918 1.8828310172299465 -1.3226833294137605 0.0399956149761536 0.0400028919957147
-0.27485069233208376 0.05536420687730997 -0.27185670770622566 -1.9273708155815263 -0.023749059356406116 1.8829690248579005 -1.3239548547123539 0.03999549785741893 0.04000290285353028
-0.27568233878862614 0.05628715457544401 -0.27231559542675565 -1.9268844935611924 -0.023645695109723714 1.8830952571437027 -1.3252002815354356 0.03999541909329821 0.040002889350747306
-0.276501110972302 0.05719793179087255 -0.27276196029879135 -1.9263990266261 -0.023543293901302213 1.8832099846361028 -1.3264200872024101 0.03999536999777542 0.04000285894792443
-0.27730704883091595 0.058096612910787396 -0.27319590948042727 -1.9259144859304143 -0.023441882744093475 1.8833134732992833 -1.3276147507920444 0.03999534385105408 0.04000281723761627
-0.2781002260428186 0.0589832854758959 -0.2736175892787976 -1.9254309530810432 -0.023341489420429185 1.8834059840832222 -1.3287847509769615 0.03999533549024171 0.04000276834620724
-0.27888074281740993 0.0598580473902073 -0.2740271761455525 -1.924948516048525 -0.023242141752133086 1.8834877726686465 -1.329930564308558 0.039995340962937706 0.04000271527336348
-0.279648720100426 0.060721004772364105 -0.27442486945387473 -1.9244672660465652 -0.02314386704342853 1.8835590893241505 -1.331052663863467 0.03999535724769076 0.04000266016510786
-0.2804042949102707 0.06157227028667308 -0.27481088570694545 -1.9239872951820547 -0.023046691661889676 1.8836201788392601 -1.3321515181808024 0.03999538203415347 0.040002604527662446
-0.2811476165855225 0.06241196183718999 -0.27518545389748844 -1.923508694708961 -0.022950640729168657 1.8836712805107478 -1.3332275904335036 0.039995413552746835 0.04000254939221859
-0.28187884376680533 0.06324020153855225 -0.275548811793458 -1.9230315537512033 -0.022855737898707835 1.8837126281670185 -1.3342813377882363 0.03999545044389194 0.04000249544055057
-0.28259814197072336 0.06405711489869394 -0.27590120296920106 -1.9225559583874199 -0.022762005202147755 1.8837444502199083 -1.3353132109171824 0.039995491658224344 0.040002443100031225
-0.2833056816412678 0.06486283016426019 -0.27624287443686113 -1.9220819910135425 -0.022669462949792184 1.883766969736177 -1.3363236536321683 0.039995536380779885 0.04000239261503576
-0.28400163658637134 0.06565747779125727 -0.27657407476120505 -1.921609729917576 -0.02257812967343118 1.883780404522987 -1.337313102617298 0.039995583973588364 0.040002344100272896
-0.2846861827251959 0.06644119001234118 -0.2768950525638563 -1.921139249015621 -0.022488022102182263 1.8837849672231184 -1.3382819872408533 0.039995633932330764 0.04000229758036455
-0.2853594970861527 0.06721410047889985 -0.27720605534123927 -1.9206706177096646 -0.022399155163899134 1.8837808654167318 -1.3392307294309311 0.03999568585370002 0.040002253019012
-0.28602175700725974 0.06797634396124409 -0.2775073285352579 -1.9202039008366418 -0.022311542006209602 1.8837683017272888 -1.3401597436022665 0.0399957394108825 0.04000221034031049
-0.28667313949978845 0.06872805609416933 -0.2777991148075753 -1.9197391586852555 -0.022225194032453856 1.883747473929846 -1.3410694366241092 0.03999579433518282 0.04000216944416979
-0.28731382074368544 0.06946937315816915 -0.2780816534778813 -1.9192764470624737 -0.02214012094876184 1.883718575060391 -1.341960207820952 0.03999585040228356 0.04000213021733095
-0.28794397568932617 0.07020043188888922 -0.27835518009420446 -1.9188158173958392 -0.022056330819282443 1.8836817935252361 -1.3428324489994878 0.039995907421991515 0.04000209254111006
-0.28856377774505565 0.07092136930917184 -0.278619926109497 -1.918357316860981 -0.021973830127196132 1.8836373132097486 -1.343686544496432 0.039995965230599284 0.04000205629672413
-0.2891733985339203 0.07163232257938312 -0.2788761186436931 -1.917900988526253 -0.021892623839637863 1.8835853135858933 -1.344522871242876 0.039996023685202386 0.04000202136884383
-0.2897730077061837 0.07233342886273636 -0.2791239803144512 -1.9174468715083648 -0.021812715475053326 1.8835259698182132 -1.3453417988416605 0.03999608265947373 0.040001987647857326
-0.290362772796791 0.07302482520310011 -0.2793637291230187 -1.9169950011343833 -0.021734107171828172 1.8834594528679869 -1.3461436896549281 0.039996142040520245 0.040001955031207244
-0.29094285911902695 0.07370664841336659 -0.27959557838426735 -1.9165454091066356 -0.02165679975728349 1.8833859295953848 -1.3469288988995585 0.03999620172654022 0.04000192342407036
-0.29151342968728744 0.07437903497289987 -0.2798197366920475 -1.9160981236679402 -0.021580792816333256 1.883305562859511 -1.3476977747486207 0.03999626162507044 0.04000189273957951
-0.29207464516324394 0.07504212093291815 -0.2800364079127093 -1.91565316976527 -0.021506084759261263 1.8832185116162612 -1.3484506584373392 0.039996321651666236 0.04000186289873457
-0.29262666382077407 0.07569604182891597 -0.28024579120100807 -1.9152105692104813 -0.02143267288820462 1.883124931013964 -1.3491878843723537 0.039996381728897745 0.040001833830109364
-0.2931696415259185 0.07634093259942122 -0.2804480810337207 -1.914770340837136 -0.021360553462033804 1.8830249724867965 -1.3499097802432842 0.03999644178557622 0.040001805469432036
-0.2937037317288406 0.07697692751052368 -0.28064346725719297 -1.9143325006527478 -0.02128972175940162 1.8829187838459829 -1.350616667135806 0.03999650175614707 0.04000177775909398
